3400
015a
004f
0e1b
1708
0a58
0e14
0d1b
3426
2b00
505d
5b10
1d1b
0000
0000
0000
0000
0000
0000
0000
0000
0000
0000
0000
0000
0000
0000
0000
0000
0000
0000
0000
0000
0000
0000
0000
0000
0000
0000
0000
0000
0000
0000
0000
0000
0000
0000
0000
0000
0000
0000
0000
0000
0000
0000
0000
0000
0000
0000
0000
0000
0000
0000
0000
0000
0000
0000
0000
0000
0000
0000
0000
0000
0000
0000
0000
0000
0000
0000
0000
0000
0000
0000
0000
0000
0000
0000
0000
0000
0000
0000
0000
0000
0000
0000
0000
0000
0000
0000
0000
0000
0000
0000
0000
0000
0000
0000
0000
0000
0000
0000
0000
0000
0000
0000
0000
0000
0000
0000
0000
0000
0000
0000
0000
0000
0000
0000
0000
0000
0000
0000
0000
0000
0000
0000
0000
0000
0000
0000
0000
0000
0000
0000
0000
0000
0000
0000
0000
0000
0000
0000
0000
0000
0000
0000
0000
0000
0000
0000
0000
0000
0000
0000
0000
0000
0000
0000
0000
0000
0000
0000
0000
0000
3080
07d0
3040
f00c
2384
3040
f004
3050
01f4
2354
2154
3550
016e
3080
0000
3040
f00c
2384
3040
f004
3050
03e8
2354
3040
f00e
2154
1552
3040
f000
2354
3040
f004
2154
3550
0188
3040
f000
3050
000b
2354
3040
f016
3050
0000
2354
3040
f012
2154
3550
01b8
3040
f000
3050
000a
2354
3040
f010
1051
2354
3040
f012
2154
3550
01d4
3040
f000
3050
0009
2354
3040
e800
3050
1a12
2354
3040
f014
3050
0001
2354
3040
f012
2154
3550
01fc
1080
3040
e800
0648
2054
3040
001a
0648
3140
005d
2254
1681
0048
3340
0040
3540
0204
3040
e800
2054
3040
f000
2354
30d0
c000
1080
3040
001a
0648
3140
0020
3050
0004
2254
3040
00ba
0648
3140
0020
1053
2254
3040
f00a
2194
0049
1840
3540
02e6
3040
f004
3050
012c
2354
3040
f00a
2154
3550
026c
0049
1942
3540
028c
3040
0004
2054
1351
2254
3400
02e6
0049
1943
3540
02ae
3040
001a
0648
3140
0020
1050
2254
1781
3040
003f
0184
3400
02e6
3040
f004
2154
3040
001a
0648
3140
0020
1850
1455
0695
3060
0004
2066
1466
0696
2294
3040
00ba
0648
3140
0020
1050
2254
1681
3040
003f
0184
3000
002a
36f0
03dc
3000
0003
3010
0005
36f0
03f0
3000
0808
3010
0070
3020
0030
3030
003f
36f0
0448
1030
36f0
0468
36f0
04c4
36f0
0390
36f0
0542
3400
0236
3400
0324
0041
1447
0640
3140
c000
2224
37f0
17d2
23fd
17d2
238d
17d2
239d
17d2
23ad
1403
1413
1433
1088
1781
3040
0556
0643
0648
20a4
1098
1791
004a
1141
1341
3540
0374
0609
0618
36f0
0328
0709
0718
15a1
3590
035c
3580
034e
21ad
16d2
219d
16d2
218d
16d2
21fd
16d2
37f0
17d2
23fd
17d2
238d
17d2
239d
3080
000a
1781
3090
0010
1791
0009
0018
0058
1454
0659
3040
00ba
0645
2024
3040
001a
0645
2034
36f0
0336
3590
03a6
3580
03a0
219d
16d2
218d
16d2
21fd
16d2
37f0
3040
2800
1741
0054
3150
c000
2205
3540
03e0
37f0
17d2
238d
3080
0010
1781
3040
00ba
0648
3050
003f
2254
3580
03f8
3080
0400
1781
3040
c000
0648
2204
3580
040e
3080
0080
1050
1781
3040
c400
0648
2254
3580
0422
3080
001a
2041
2248
1681
1611
2041
3540
0434
218d
16d2
37f0
0052
1751
0061
1761
0045
1447
0640
0646
3140
c000
2234
3560
044e
3550
044a
37f0
1427
0051
1751
3040
c000
0645
0640
3140
ff80
2234
3550
046c
0051
1751
3040
c000
0645
0640
0642
2234
3550
0482
0052
3150
ff80
3040
c000
0645
0640
1741
2234
3550
0496
0052
3150
ff80
3040
c000
0645
0640
0641
2234
3550
04ac
1527
37f0
17d2
23fd
3000
2400
3010
0018
3020
0008
3030
003f
36f0
0448
3060
0018
1050
1761
3040
2380
3140
c000
0646
2254
3560
04e2
3060
0400
1050
3160
ff80
3040
2418
3140
c000
0646
2254
3560
04fa
3050
0014
3040
0004
2044
3540
0520
3050
0017
3040
001a
3140
0090
2065
2264
1641
1651
2065
2264
1641
1651
2065
2264
21fd
16d2
37f0
3050
f008
2145
3540
0546
3050
f006
1041
2345
37f0
0000
0000
0000
0000
0000
0000
0000
0000
0010
2844
6c28
3800
001e
2256
4a22
1e00
0000
0000
0000
007c
0000
0000
0000
0000
0000
3c44
443c
0404
0000
4444
5454
2800
0000
3844
7c40
3c00
0000
3c20
2020
2000
0010
3810
1010
1000
0000
4444
443c
0478
0000
4444
4444
3a00
0010
0030
1010
3800
0000
3844
4444
3800
0000
7844
4478
4040
0000
3844
4444
3a00
0000
3c40
3804
7800
0004
3c44
4444
3a00
0018
2420
7820
2020
0000
3844
443c
0478
0020
3824
2424
2400
0008
0018
0808
2810
0020
2428
3028
2400
0020
2020
2024
1800
0000
7c08
1020
7c00
0000
4428
1028
4400
0000
3844
4044
3800
0000
4444
2828
1000
0040
7844
4444
7800
0000
5824
2424
2400
0000
542a
2a2a
2a00
0000
0000
0000
0000
0000
0000
0000
0000
0000
0000
0000
0000
0000
0000
0000
0000
0000
0000
0000
0000
0000
0000
0000
7c00
0010
3010
1010
3800
0018
2404
1820
3c00
0018
2408
0424
1800
0008
1020
283c
0800
003c
2018
0424
1800
001c
2038
2424
1800
003c
0408
1010
1000
0018
2418
2424
1800
0018
2424
1c04
3800
0018
242c
3424
1800
0008
1020
1008
0000
0020
1008
1020
0000
0000
7c00
7c00
0000
0010
107c
1010
0000
0000
007c
0000
0000
0010
5438
5410
0000
0002
0408
1020
4000
0018
2020
2020
1800
0030
0808
0808
3000
0010
1010
1000
1000
0018
2408
1000
1000
0028
2828
0000
0000
0000
0010
0010
0000
0000
0010
0010
1020
0000
0000
0000
1000
0000
0000
0000
0810
0000
0000
0000
0000
0000
0000
0000
0000
0010
2844
6c28
3800
001e
2256
4a22
1e00
0000
0000
0000
007c
0000
0000
0000
0000
0038
4444
4444
3806
0044
4454
546c
4400
007c
4078
4040
7c00
0078
4444
7844
4400
007c
1010
1010
1000
0044
2810
1010
1000
0044
4444
4444
3a00
007c
1010
1010
7c00
0038
4444
4444
3800
0078
4444
7840
4000
0038
4444
7c44
4400
003c
4038
0444
3800
007c
4242
4242
7c00
007c
4078
4040
4000
0038
4440
4c44
3800
0044
447c
4444
4400
007c
0404
0444
3800
0044
4870
4844
4400
0040
4040
4040
7c00
007c
0810
1020
7c00
0044
2810
2844
4400
0038
4440
4044
3800
0044
4428
2810
1000
0078
4478
4444
7800
0044
6454
544c
4400
0044
6c54
5444
4400
0000
0000
0000
0000
0000
0000
0000
0000
0000
0000
0000
0000
0000
0000
0000
0000
0000
0000
0000
0000
0000
0000
0000
7c00
0010
3010
1010
3800
0018
2404
1820
3c00
0018
2408
0424
1800
0008
1020
283c
0800
003c
2018
0424
1800
001c
2038
2424
1800
003c
0408
1010
1000
0018
2418
2424
1800
0018
2424
1c04
3800
0018
242c
3424
1800
0008
1020
1008
0000
0020
1008
1020
0000
0000
7c00
7c00
0000
0010
107c
1010
0000
0000
007c
0000
0000
0010
5438
5410
0000
0002
0408
1020
4000
0018
2020
2020
1800
0030
0808
0808
3000
0010
1010
1000
1000
0018
2408
1000
1000
0028
2828
0000
0000
0000
0010
0010
0000
0000
0010
0010
1020
0000
0000
0000
1000
0000
0000
0000
0810
